part1 55
-5.208 1.176
-4.32 4.92
-3.24 1.32
-5.088 2.88
-2.784 2.712
-2.736 1.968
-2.832 1.2
-2.424 2.544
-1.896 2.52
-1.92 1.776
-1.968 1.296
-1.152 2.448
-1.272 2.016
-1.344 1.344
-0.816 2.16
-0.576 2.52
-0.552 2.04
-0.6 1.584
-0.6 1.392
-0.456 1.968
-0.336 2.424
-0.168 2.304
-0.12 1.68
-0.12 1.392
0.096 1.512
0.48 2.4
1.2 2.472
0.264 1.92
0.384 1.536
0.792 1.536
1.032 2.112
1.128 2.472
1.104 1.728
1.224 1.536
1.584 1.944
1.848 3.84
1.872 1.92
2.424 1.8
2.736 2.472
2.544 1.92
2.712 1.752
3.36 2.352
2.904 1.8
3.24 1.632
3.504 2.328
3.648 2.328
3.792 2.304
3.624 1.584
3.888 2.304
4.368 2.088
4.392 1.656
4.536 1.656
4.728 1.776
4.944 3.552
1.392 3.288
